42063710
42075518
42284418
42292220
42183323
42162538
42060016
42050734
42211036
42284422
42223625
42059020
42294198
42041219
42001014
42093315
42185257
42170030
42211712
42225022
42156020
42244714
42071012
42242612
42051710
42069526
42067026
42013866
42211724
42226422
42004022
42281111
42041222
42020438
42102512
42110056
42091641
42165824
42201622
42234218
42080876
42054226
42011237
42064076
42291820
42017551
4208752X
42117310
42090012
42110541
42018368
42282247
4224001X
42070011
42030818
42173811
41174823
41117013
41050519
41154130
41123044
41264132
4204466X
42012780
42060569
42145317
64010010
34030039
41253475
4214255X
42257514
42081618
42963967
42105132
42078117
15035016
4307262X
42027161
42084840
42085513
14200013
53261757
53041033
15210312
42112034
42182411
42196018
4209003X
14203830
14231531
53310013
53371715
42160012
42170313
42125614
4200009X
42050058
42042313
42132415
42240017
42140056
42172114
42080016
42027010
43318048
42160435
42092436
42283951
4216051X
42040910
42167318
42024018
42000011
42130056
42003354
42040014
42042517
42080833
42080014
42182515
42000928
42110038
42297936
42040712
41152218
42232241
42010063
34293776
42076124
42026817
42084544
42080748
42082238
42030963
42156710
42160029
42080717
42171713
42050437
42081516
42051525
34112071
34255178
41242612
42053445
42052912
42983151
42085512
42142341
42062547
42004022
42064523
15270621
34145611
42963921
42043810
42042015
42030361
13144215
65460660
15083315
34221718
42034971
42182818
42124918
42053518
42030576
42170817
42160036
42157511
42260241
42165212
42195637
42143277
42073819
42200013
42021232
42224016
62214511
41271101
65470014
42102058
4208052X
42112988
34283891
41065515
42116110
42172053
42980879
36214511
37041616
34168171
14032411
51308534
42250012
42106031
41207832
33011814
33052230
42082427
61052221
42297545
42041563
42172489
42035524
42070341
42274242
34253777
34216995
41111518
41000037
42120479
42097037
42004817
42061634
14293614
42049814
42010514
42156416
42072134
42070016
42991594
51175414
33026870
42100084
42967669
14022121
14032020
61234149
61000521
42090086
42038342
42160044
42123026
34181734
41317832
41267255
41143651
42156019
42240016
42992971
43251856
36042416
37290875
14049557
14260632
51037016
51312475
42092118
42165558
42980578
42025172
33002815
33117011
42034040
42953126
42085549
36010026
14024045
42084629
42090568
42008658
42020954
42050052
42231633
42051225
42014327
42050027
42010081
42074741
42083822
42070027
42010641
42088026
42093225
42026149
42031521
42004321
42164922
42144729
42104424
42193242
41227227
42111920
42111945
42215529
34051117
34135114
41023635
42966818
42167910
42091712
42242017
42132410
42900019
37203930
61023219
42015047
42086729
43081768
51172923
42010411
42066718
42004710
42017930
42053930
42016733
42016717
42010439
42010017
42075530
42016714
42032719
42080414
42056719
42001217
42003910
42050011
42090417
42043910
42044716
42066755
42090037
42013514
42077136
42034717
42005611
42090031
42048313
42060062
42042327
42053922
42020023
34095074
34160878
34165210
34240030
37093835
37262537
41067035
41118153
41147914
41144814
41063530
42000012
42090637
42071596
42051390
41127019
42132279
42101613
42154558
42240058
51143516
41236810
42010674
42097727
42194927
42092848
34200438
41084059
41169015
41191019
42048716
42068015
42036818
42022257
42000999
42103815
42125312
42146056
42190013
42975731
51316118
41124593
35243017
41161948
42073846
42030028
42130026
42120022
41119608
42172819
42026715
42054534
42033712
42090038
42020314
42030614
42095714
42061014
42035817
42072515
42010056
42032474
42111319
42120075
42967953
42022025
42037044
42010025
42067628
42025347
42196893
42044011
42090899
42004117
42093715
42074016
42046512
42083038
42034235
42093410
42030510
42200836
42161877
42183534
42915677
42065149
42074526
42034627
42077223
42020522
42020088
42040947
42962228
42943028
42963624
65470014
65350016
51392756
51025811
42160010
51327717
34284470
36072012
42250014
34211818
42015018
42000018
42124319
42912114
42977314
42013958
42078215
42183858
51350124
42027925
43056646
43126645
14242647
36024967
42924527
13028228
42072124
42104220
42025445
42186628
42180024
13092127
13010029
42032023
42991886
42120022
42125721
42056624
42061728
42110840
14077826
14080020
13163023
13063524
13047126
42144726
14230948
14242663
14031849
42281528
50032921
50025004
42052015
42066015
42052878
42047530
42210015
42022016
42941377
42135335
42004017
42001013
42000031
42902439
42190419
42118670
42100510
42901618
42013418
42006012
42040015
42034617
42015614
42095831
42112718
42145213
42020038
42100015
42081111
42050510
42125310
42086227
42275524
42990045
42044928
42130068
42020016
42010511
42141930
42146513
42195919
42051014
42093914
42072211
42196111
42155717
42100035
42073010
42131016
42092411
42070016
42146212
42070032
42080071
42115149
42244527
42108027
42158164
42950047
42005007
42074441
42957645
42005986
42153524
41125528
34076216
36081818
36226257
42062451
42011631
42021930
42120030
42113818
42103518
42161919
44135534
42921210
42230713
42981550
62204717
36050327
42050046
42024925
42908568
36091513
41161516
42031530
42031236
42052619
42083411
42118318
42162414
42111915
42172134
42174319
42015616
42206012
42987613
41125528
42066524
42165527
42284024
42082030
42030019
42042213
42023599
42071315
42090017
42142732
42132811
42190030
42191332
42265816
42220439
42082824
42098825
42052420
42010020
42080023
42090722
42060043
42083087
42000868
42014044
42147245
42180101
42171920
42181346
42240724
65371556
34140318
42156817
42073918
42050058
42044214
42191914
42120034
42146315
42243010
42983713
42973935
42967910
52225274
41284033
41110476
62270818
42022028
42030062
42036868
42081823
42033722
42131947
42181325
52250429
53230168
53000025
34010819
34151716
42082313
42020410
42022417
42053017
42070352
42033116
42163011
42105718
42196819
42161151
42132811
42200592
42148411
42230011
52233614
53260510
62080615
42013327
42133449
42971340
42952603
53270429
65240411
65210011
41033311
41044015
42002311
42001034
42073617
42095031
42071216
42009034
42105213
42131215
42181757
42183158
42195510
42167172
42121914
42263535
42291214
43127311
45030712
45073819
37027334
45205517
42083747
45027023
45254963
41180514
41176035
42060010
42016532
42078017
42010014
42007417
42110055
42176018
42145234
42264017
42290632
52093316
52253878
53203315
53092114
41120029
42004528
42091826
42084821
42134761
42923582
52291624
65400014
41046119
41241235
42118713
41186512
41026518
34032614
34070515
41116573
41182918
41189315
41186912
41156610
4119141X
41140037
41157134
34131217
34126832
3425617X
34149110
34294611
42024134
42063218
41069465
34031327
41148046
41127923
41140326
41140963
34290849
42078053
42236511
42180073
42111616
42125612
42191834
42150031
4215003X
4209061X
42000414
42070052
4206201X
42171316
42064719
42020414
42083234
42192170
44082310
33131256
41123412
4208341X
42061214
42067616
42022439
42020049
42092420
4208662X
42092821
42086522
42062426
42040623
62201864
42040049
36080029
13062428
13090324
36242827
42014517
42045054
42147318
42133637
42080958
42151751
42052796
4204121X
42080510
42032853
42030912
42065310
36064977
41106771
42140370
42026517
42010410
42933952
42185017
42087312
42930739
42295478
42063718
42197417
42160356
42093324
42292825
42186429
42151841
42980313
42051377
42118116
42165515
42221418
42153716
42093034
42062497
42941755
42000033
42030075
41005551
42902592
42903324
42091853
37017430
42930991
42171017
4201537X
42043219
42044377
42004719
42020411
42146318
4203161X
42950353
42067514
4201031X
42097715
42162417
4202413X
4201611X
42024024
42030029
42035845
42092024
42003528
42082829
34146590
42110018
42116831
42006613
3407001X
44043435
32082012
4209593X
34130454
34265719
34223996
4229103X
42054912
42140033
42160033
34178673
34096474
44116618
34021315
34117011
3412042X
34048729
32005221
34093163
34140420
42115728
42284234
4215421X
42022012
4298393X
42150099
42125814
42021755
42150036
42163719
42231015
42140973
42244618
42153278
42117311
42262519
42194910
4220203X
42006856
4214007X
42045650
42907419
42090431
42080616
42283631
42002215
42130351
4208439X
42251050
42112077
42151928
42032028
42198022
42036428
42137229
42253825
42153720
42038147
42195843
42008365
42060725
42270220
42001445
42090016
42081858
42020350
42023312
42250038
42126015
42122478
42178036
42044010
42017014
42035937
42173755
42176615
42178132
42001316
42222410
42194014
34132256
34192653
34183196
36001619
36004610
36060011
36015893
36001516
36032017
42081021
42091229
42190023
42033326
42068422
42194946
52272828
42163320
42080031
42021533
34025411
42093611
42097557
15201838
42031231
15053517
42061515
1520001X
42086812
42904235
42082413
42027213
42001212
42036232
42095513
42072013
42032312
42005834
42011611
42063331
42086010
42027416
42052616
42915233
42085111
42005516
42061120
42022121
42011513
42070018
42063631
42085739
42060317
34010214
42021239
34211891
42097115
42085919
42012129
34295621
14221223
34189249
42020821
42027448
42036726
42115044
42080051
42913911
42114038
42182432
42016836
42018113
42025316
41284054
42049010
42000034
42065931
42151031
42157912
42162816
42104414
42171212
42926117
42191218
42198014
42109470
42044731
42121834
42127637
42173310
42073119
42054032
42010013
42137520
42190925
42160427
42160041
4203002X
42935026
45022724
52290024
44554884
33233324
52224620
51156260
51328425
45080860
33029203
45296021
51057662
45037126
43122225
4525002X
52252023
51182562
33033671
42010012
42166035
42103513
42162514
52224816
33034316
33012275
51176334
4219003X
51044657
45250334
51010732
34237270
51115117
45037232
33035012
53290611
42203934
42102816
42115213
42211011
42101314
53380933
42155524
51391471
51384847
42902274
42136114
42933919
42141731
52210036
51141156
42144823
42960914
50046416
50084179
52090970
50031739
51374159
42961794
53232331
42039026
53251748
42010816
42025510
42011838
42040012
42065316
41154215
42004256
42072715
42050032
42086518
42061480
42042192
42055961
42010010
44014594
42041018
42071540
42098099
4200591X
42023619
42111348
42017010
42077514
4200752X
42008312
42081527
42036218
42003034
42020426
42050610
42964261
42030040
42066816
42992211
42011424
42070815
42020834
42142429
42091612
42114813
42080778
42120456
42113039
42180311
42161332
42186112
42934056
34190439
42080054
42010010
42138411
42051598
42060018
42020415
42013532
42040514
42070111
42113013
42186041
42013641
42065223
42046864
42130042
42271620
42151323
42993729
42974066
42911941
42086420
42022022
42032021
42022023
42102148
42084412
42038415
42286134
42176115
42130016
4215095X
42061533
42030136
42054039
41346612
42021734
4216471X
42236019
42024018
42014037
42136413
41039876
42043137
42074919
41118291
42010531
42157353
42021318
42086624
4208052X
42046620
42050026
42972589
42960310
42055514
42064031
42016734
42153017
42021036
42084636
4204403X
42035810
42073715
42025916
42078715
42002716
42062714
42073915
42021216
42026713
42026334
42075917
42090837
4209757X
42090837
42070038
42040058
42052725
42070844
42074723
42050828
42027943
4201131X
42010030
42048415
42064049
42030041
42062022
42060028
65231555
65211010
65252937
65282916
65281611
65240812
65200316
65280233
65220011
65282917
6529071X
65263414
65261710
65280510
65270016
65240511
65240558
65210536
41110953
65201717
65271015
6525051X
65232915
65280526
42148175
42073521
4208671X
42123816
42180814
42203053
42043411
42035817
42060015
42941356
42100611
42003031
42141015
42184416
51131530
42031567
42063527
52221825
42023965
42182486
42036727
42952425
42080383
42122028
42055423
42163524
