1505306869
1603302259
1603301627
1603301645
1603301670
1603301681
1603301684
1603301698
1603301706
1603301710
1603301749
1603301754
1603301761
1603301770
1603301772
1603301812
1603301824
1603301832
1603301700
1603301821
1603301833
1603301628
1603301651
1603301708
1603301727
1603301786
1603301818
1603301610
1603301646
1603301659
1603301662
1603301758
1603301767
1603301775
1603301843
1603301844
1603301852
1603301859
1603301626
1603301658
1603301726
1603301746
1603301768
1603301776
1603301779
1603301864
1603301868
1403302023
1603301648
1603301653
1603301737
1603301752
1603301765
1603301795
1603301811
1603301879
1603303076
1603303081
1603303082
1603303083
1603303085
1603303087
1603305787
1603305817
1603305824
1603305829
1604307509
1601307665
1603303007
1603304159
1603304224
1603304245
1603304297
1603304314
1603304334
1603300593
1603302500
1603304235
1603304261
1603304269
1603307295
1603307455
1603307469
1603300595
1603304240
1603304309
1603305822
1603305853
1603307274
1603307276
1603307456
1603307466
1603304057
1603304069
1603304117
1603304131
1603304236
1603304273
1603304287
1603304291
1603304293
1603304295
1603305762
1603305796
1603305798
1603305800
1603305804
1603305806
1603305808
1603305831
1603304068
1603304130
1603304225
1603304272
1603304280
1603305774
1603305797
1603305803
1605304762
1603304080
1603304138
1603304158
1603304165
1603304268
1603304336
1603304076
1603304330
1603302756
1603304063
1603304079
1603304145
1603304160
1603304162
1603304195
1603304206
1603304228
1603304238
1603304264
1603304301
1603304303
1603304307
1603302750
1603302753
1603303027
1603304074
1603304088
1603304136
1603304229
1603304283
1603304302
1603304321
1603304332
1603300594
1603302828
1603304247
1603305788
1603305838
1603305841
1603307383
1603307807
1603300588
1603302829
1603304042
1603304050
1603304070
1603304140
1603304142
1603304169
1603304186
1603304241
1603304327
1603305770
1603305779
1603305786
1603305792
1603305833
1603305840
1603305842
1603307180
1603307802
1603307806
1603307810
1603305763
1702304813
1701300539
1701300780
1701304999
1701304358
1701305603
1701300608
1701300699
1701300086
1701300106
1701305932
1701303467
1701303731
1701300299
1701300301
1701300269
1702301956
1702306095
1702304274
1702302664
1702303619
1702301576
1702302788
1702305170
1701300345
1701300435
1701300842
1701300789
1701303788
1701301351
1701301749
1701302210
1701300131
1701301243
1701302789
1701303732
1701301970
1701303181
1701305470
1701300297
1701300305
1702304446
1702305688
1702300095
1702300088
1702306099
1702306094
1702302672
1702301734
1702303901
1702303750
1701300455
1701300985
1701300858
1701300918
1701304285
1701304946
1701301080
1701305712
1701300632
1701300729
1701300113
1701300127
1701305864
1701305958
1701302794
1701303893
1701305465
1701300283
1701300281
1701300317
1702302771
1702305117
1702302885
1702300634
1702300121
1702301859
1702302571
1701302515
1701302516
1701303709
1701305205
1702301084
1702301395
1702301460
1702301850
1702302246
1702302247
1702302248
1702302513
1702302518
1702302519
1702303070
1702303071
1702303075
1702304186
1702304465
1702304468
1702304669
1702304670
1702304671
1702304672
1702305395
1701300402
1701300499
1701300808
1701305062
1701304042
1701303586
1701305190
1701303800
1701305515
1701300732
1701306098
1702302894
1702301681
1702305721
1702305894
1701207130
1701207132
1701207139
1701207146
1701207147
1701207148
1701207149
1701207151
1701207152
1701207154
1701207156
1701207158
1701207159
1701207160
1701207161
1701207162
1701207163
1701207165
1701207166
1701207167
1701207168
1701207170
1701207171
1701207174
1701207175
1701207176
1701207179
1701207180
1702207135
1702207136
1702207145
1702207178
1701300337
1701300454
1701300503
1701300581
1701300690
1701300731
1701300747
1701300831
1701300908
1701300960
1701300976
1701301374
1701302485
1701302491
1701302645
1701302892
1701303925
1701304228
1701304848
1701304993
1701305900
1701306220
1701306222
1702303385
1702304001
1702305144
1701300346
1701300813
1701300894
1701300955
1701301125
1701302484
1701302487
1701302597
1701303435
1701303647
1701304049
1701304237
1701304754
1701305664
1701305929
1701306201
1701306221
1702300911
1702303359
1702303534
1702304123
1702304919
1702306204
1701301278
1701301584
1701301683
1701301746
1701301818
1701301977
1701302091
1701302130
1701302492
1701302623
1701302713
1701302978
1701303289
1701304348
1701304734
1701305579
1702301007
1702301343
1702301674
1702301827
1702303157
1701304918
1701301282
1701301603
1701301676
1701302126
1701302140
1701302711
1701302757
1701302840
1701302850
1701303283
1701303291
1701303748
1701304145
1701305591
1702301410
1702301684
1702301828
1702301978
1702302825
1702302980
1702303429
1702305518
1702305652
1702305679
1701307193
1701307209
1701305872
1701305865
1701304271
1701305927
1701300525
1701300651
1701304940
1701300517
1701302886
1701302641
1701304338
1701305685
1701305589
1701303428
1701303563
1701301338
1702305935
1702305695
1702305710
1702305722
1702300147
1702300628
1702305636
1702300082
1702301669
1702304948
1702303207
1702304443
1702304352
1702300055
1702300062
1702302862
1702305444
1702304579
1702304429
1702302557
1702301383
1702304484
1702300116
1702300140
1702300073
1702300066
1702300041
1702304425
1702300129
1702300148
1702300094
1702305831
1702305847
1702305848
1701302752
1701303651
1701303361
1701301590
1701303486
1701305531
1701305516
1701304003
1701303580
1701302717
1701301334
1701305654
1701303648
1701305059
1701303911
1701305058
1701303352
1701303121
1701302696
1701301039
1701303591
1701303438
1701305027
1701304362
1701303390
1701304170
1701303292
1701301283
1701304636
1702302094
1702305309
1702305433
1702301959
1702304217
1701301118
1701301144
1701304499
1701303958
1701305038
1701302626
1701301036
1701302122
1701304323
1701304413
1701303770
1701302216
1701304702
1701301105
1701302578
1701304834
1701302639
1701302684
1702304694
1702305287
1702303963
1702305071
1702305450
1702303333
1702302012
1702302119
1702302562
1702304431
1702301284
1701300404
1701300652
1701300672
1701301272
1701301610
1701303528
1701303978
1701303982
1701304166
1701304527
1701304923
1701305090
1701305384
1701305481
1701306155
1702300633
1702302321
1702302616
1702305583
1701300623
1701300818
1701301226
1701301831
1701302170
1701303358
1701303785
1701303799
1701303981
1701304051
1701304994
1701305092
1701305249
1701305483
1702301284
1702302651
1702304637
1702305386
1701301085
1701301086
1701301396
1701302326
1701302521
1701302993
1701304067
1701304246
1701304470
1701304770
1701305000
1701305378
1702301848
1702301849
1702302189
1702302190
1702302191
1702302369
1702302370
1702302514
1702302988
1702303074
1702304466
1702304469
1702304673
1702304676
1702305263
1701307211
1701300329
1701301081
1701301406
1701302983
1701303339
1701303984
1701304836
1701305028
1701305307
1701305492
1701305606
1701305651
1701306005
1701306056
1701306101
1701306159
1702301822
1702302288
1702302470
1702302654
1702302833
1702304519
1702304647
1702305991
1702306025
1702306031
1701300356
1701300559
1701301227
1701301595
1701302474
1701302691
1701302818
1701302852
1701303746
1701303817
1701304147
1701304440
1701304522
1701304730
1701305087
1701305417
1701305998
1701306018
1701306104
1702301894
1702303831
1702305599
1702305967
1702306045
1701306262
1701306261
1701300779
1701300812
1701301599
1701302242
1701302624
1701302750
1701302811
1701303578
1701303792
1701303826
1701304441
1701304608
1701304641
1701304850
1701305024
1701305293
1701305312
1701305746
1701305747
1701305770
1701305791
1701305793
1702301551
1702305738
1702305741
1701300900
1701300932
1701301570
1701301636
1701301860
1701302047
1701302410
1701303940
1701304120
1701304207
1701305273
1701305346
1701305961
1701305982
1701306014
1701306027
1702300968
1702301875
1702301964
1702302565
1702304422
1702305446
1702305997
1701307197
1801305850
1801305851
1801305873
1801305853
1801305854
1801305868
1801305867
1801305855
1801305857
1801305843
1801305844
1801305845
1801305846
1801305848
1801305849
1801305862
1801305863
1801305866
1801305836
1801305839
1801305835
1801305834
1802305830
1802305825
1802305831
1802305826
1802305828
1802305829
1802305858
1801305373
1801305395
1801305428
1801305411
1801305430
1801305397
1801305398
1801305424
1801305409
1801305379
1801305380
1801305347
1801305360
1801305353
1801305354
1801305355
1801305356
1801305358
1801305362
1801305392
1801305393
1801305388
1801305394
1801305387
1802305372
1802305378
1802305352
1802305349
1802305350
1802305351
1802305333
1802305324
1802305343
1802305318
1802305322
1802305323
1802305319
1801305317
1801305346
1801305336
1801305337
1801305342
1801305335
1801305328
1801305339
1801305326
1801305332
1602303741
1801305330
1801305320
1801305327
1801305315
1801305331
1801305338
1801305345
1801305344
1801305334
1801306008
1801305999
1801305945
1801306007
1801306011
1802305978
1802305990
1802305994
1802305992
1801306000
1801305986
1801306009
1801306003
1801305996
1801305998
1801305975
1801305956
1801306002
1801305979
1801305980
1801305954
1801306005
1802305995
1801305981
1801305997
1801306001
1801305970
1801305974
1801305952
1801305963
1801305946
1801305948
1801305969
1801305973
1801305966
1801305947
1801305971
1801305976
1801305972
1801305957
1801305967
1802305982
1802305987
1802305962
1802305958
1802305984
1802305983
1801305806
1801305785
1801305765
1801305739
1801305817
1801305787
1801305799
1801305728
1801305808
1801305811
1801305768
1801305800
1801305724
1801305790
1603304043
1801305807
1801305796
1801305788
1801305820
1801305818
1802305782
1802305759
1802305770
1802305758
1802305781
1802305415
1801305399
1801305403
1801305407
1801305425
1801305396
1801305400
1801305410
1801305420
1801305422
1801305423
1801305427
1801305645
1801305677
1801305598
1801305637
1801305597
1801305636
1801305693
1801305646
1801305673
1801305628
1801305661
1801305691
1801305634
1601301234
1801305622
1801305651
1801305633
1801305657
1802305605
1802305705
1802305604
1802305668
1802305593
1802305568
1802305578
1802305667
1802305621
1802305718
1802305663
1802305567
1802305674
1801305903
1801305900
1801305899
1801305902
1801305884
1801305885
1801305876
1801305937
1801305891
1801305893
1801305886
1801305887
1801305888
1801305889
1801305882
1801305883
1801305895
1801305859
1801305860
1801305861
1801305871
1801305872
1801305841
1801305842
1801305869
1801305870
1802305904
1802305881
1802305879
1802305901
1802305897
1802305874
1802305890
1802305936
1801305383
1801305384
1801305370
1801305382
1801305376
1801305367
1801305348
1801305365
1801305375
1801305368
1801305498
1801305506
1801305522
1801305524
1801305528
1801305526
1801305527
1801305533
1801305540
1801305541
1801305548
1801305549
1801305551
1801305554
1801305557
1801305561
1801305562
1801305563
1802305552
1802305556
1801305726
1801305682
1801305712
1801305713
1801305704
1801305816
1801305745
1801305812
1801305740
1801304635
1802305654
1802305761
1802305778
1802305783
1802305746
1802305732
1802305684
1802304712
1701302976
1801305517
1801305484
1801305496
1801305536
1801305542
1801305564
1801305486
1801305490
1801305478
1801305487
1801305491
1801305508
1801305475
1801305476
1801305511
1801305512
1801305509
1801305510
1801305514
1801305519
1801305501
1801305493
1801305507
1801305558
1701301251
1801300636
1802305504
1802305560
1802305500
1802305473
1802301997
1802305595
1802305570
1802305590
1802305565
1802305774
1802305589
1802305612
1802305577
1802305575
1802305773
1802305601
1802305611
1802305574
1802305775
1802305602
1802305586
1802305576
1801305802
1801305566
1801305642
1801305629
1801305620
1801305584
1801305793
1801305803
1801305610
1801305676
1801305609
1801305573
1801305608
1801305794
1801305791
1801305571
1801305792
1801305915
1801305943
1801305894
1801305906
1801305942
1801305940
1801305918
1802305928
1801305907
1802305911
1801305920
1801305921
1801305939
1801305875
1801305913
1801305932
1802305924
1801305941
1801305922
1801305926
1801305910
1801305925
1801305933
1801305935
1801305916
1802305919
1802305912
1801305699
1801305694
1801305698
1801305752
1801305716
1801305753
1801305751
1801305756
1801305721
1801305723
1802305748
1801305701
1802305665
1801305697
1801305750
1801305710
1802305735
1801305688
1801305727
1801305764
1802305747
1801305722
1801305702
1802305687
1801305690
1802305669
1801305738
1801305725
1802305679
1801305700
1802305749
1802305730
1801305757
1801305754
1802305686
1801305742
1801305743
1802305640
1801305441
1801305448
1801305433
1801305469
1801305432
1801305447
1801305450
1801305446
1801305445
1801305459
1801305452
1801305451
1801305456
1801305457
1801305463
1801305453
1801305460
1801305462
1801305436
1801305435
1802305431
1802305464
1802305434
1802305470
1802305442
1802305437
1802305443
1802305440
1802305438
1802305439
1802305467
1802305455
1802305454
1802305465
1802305444
1801206486
1801206488
1801206489
1801206490
1801206491
1801206492
1801206493
1801206494
1801206495
1801206496
1801206497
1801206498
1801206499
1801206500
1801206501
1801206502
1801206503
1801206505
1801206506
1801206507
1801206508
1801206509
1801206510
1802206519
1802206520
1802206522
1802206524
1802206525
1801206467
1801206470
1801206474
1801206477
1801206480
1801206481
1801206482
1801206483
1801206484
1801206485
1801206419
1801206420
1801206421
1801206422
1801206423
1801206424
1801206425
1801206427
1801206429
1801206434
1801206436
1801206437
1801206438
1801206443
1802206449
1802206450
1802206451
1802206453
1802206455
1801206463
1801206464
1801206466
1802206514
1802206515
1802206511
1802206516
1801206527
1801206529
1801206530
1801206531
1801206533
1801206534
1801206535
1801206536
1801206537
1801206538
1801206539
1801206540
1801206541
1801206542
1801206543
1801206544
1801206545
1801206547
1801206548
1801206551
1801206552
1801206553
1801206555
1802206558
1801305627
1802305650
1801305685
1801305643
1801305625
1801305623
1801305630
1801305703
1801305719
1801305648
1801305655
1801305678
1801305632
1801305635
1801305617
1802305670
1802305708
1802305588
1802305736
1802305641
1802305658
1802305585
1802305720
1802305624
1802305695
1802305603
